015.1 012.71 0.192829 1.845219 
015.1 012.69 0.174118 1.457910 
015.1 012.66 0.185539 1.927549 
015.1 012.63 0.222513 2.995265 
015.1 012.59 0.147307 0.902552 
015.1 012.56 0.164822 1.325423 
015.1 012.42 0.176694 1.657343 
015.1 012.41 0.198218 2.136156 
015.16 012.71 0.176356 1.751132 
015.16 012.69 0.151872 1.150239 
015.16 012.66 0.136680 0.635181 
015.16 012.63 0.156511 1.068609 
015.16 012.59 0.111903 0.108020 
015.16 012.56 0.138859 0.880223 
015.16 012.42 0.126180 0.303739 
015.16 012.41 0.151175 0.910980 
015.2 012.71 0.191039 1.805038 
015.2 012.69 0.181052 1.740503 
015.2 012.66 0.177728 1.664588 
015.2 012.63 0.208573 2.505535 
015.2 012.59 0.149518 1.010402 
015.2 012.56 0.164263 1.330761 
015.2 012.42 0.167250 1.333958 
015.2 012.41 0.206843 2.481309 
015.24 012.71 0.156200 0.876869 
015.24 012.69 0.135246 0.406559 
015.24 012.66 0.139558 0.613165 
015.24 012.63 0.151859 0.767992 
015.24 012.59 0.111845 -0.022624 
015.24 012.56 0.122459 0.144892 
015.24 012.42 0.134580 0.486021 
015.24 012.41 0.157179 1.004628 
015.34 012.71 0.169709 1.170866 
015.34 012.69 0.148828 0.703246 
015.34 012.66 0.136790 0.304918 
015.34 012.63 0.172297 1.318341 
015.34 012.59 0.119462 0.053361 
015.34 012.56 0.125838 0.064087 
015.34 012.42 0.148795 0.806142 
015.34 012.41 0.175876 1.490570 
015.4 012.71 0.258528 3.712119 
015.4 012.69 0.235106 3.150484 
015.4 012.66 0.228094 2.938126 
015.4 012.63 0.211275 2.015518 
015.4 012.59 0.192526 2.011714 
015.4 012.56 0.215308 2.629447 
015.4 012.42 0.239588 3.420428 
015.4 012.41 0.260372 3.871874 
015.46 012.71 0.160453 1.066114 
015.46 012.69 0.132814 0.348457 
015.46 012.66 0.142849 0.766814 
015.46 012.63 0.138239 0.295938 
015.46 012.59 0.101503 -0.373405 
015.46 012.56 0.110607 -0.261745 
015.46 012.42 0.134225 0.504787 
015.46 012.41 0.149884 0.766575 
015.5 012.71 0.253208 3.598070 
015.5 012.69 0.239942 3.412184 
015.5 012.66 0.233974 3.238433 
015.5 012.63 0.225852 2.637609 
015.5 012.59 0.198674 2.321926 
015.5 012.56 0.219851 2.880299 
015.5 012.42 0.200636 2.061978 
015.5 012.41 0.212394 2.179484 
018.18 015.5 0.164477 -2.983104 
018.18 015.46 0.196568 -0.277058 
018.18 015.4 0.176004 -2.688774 
018.18 015.34 0.216499 0.157573 
018.18 015.24 0.162375 -1.560560 
018.18 015.2 0.168578 -2.011026 
018.18 015.16 0.081213 -4.414708 
018.18 015.1 0.169141 -2.048411 
018.18 012.71 0.207802 -0.343022 
018.18 012.69 0.182030 -0.791205 
018.18 012.66 0.174590 -0.966883 
018.18 012.63 0.200778 -0.537491 
018.18 012.59 0.157563 -1.049369 
018.18 012.56 0.179127 -0.567925 
018.18 012.42 0.181953 -0.617598 
018.18 012.41 0.188393 -0.888958 
018.28 015.5 0.245692 0.559074 
018.28 015.46 0.126418 -2.335375 
018.28 015.4 0.245712 0.427670 
018.28 015.34 0.145046 -1.948961 
018.28 015.24 0.143823 -1.709742 
018.28 015.2 0.186437 -0.813019 
018.28 015.16 0.154195 -1.177137 
018.28 015.1 0.195957 -0.518991 
018.28 012.71 0.159040 -1.609995 
018.28 012.69 0.143543 -1.677969 
018.28 012.66 0.127217 -2.182459 
018.28 012.63 0.164723 -1.334297 
018.28 012.59 0.108922 -2.311836 
018.28 012.56 0.110618 -2.565526 
018.28 012.42 0.136484 -1.762732 
018.28 012.41 0.159056 -1.437184 
018.36 015.5 0.231107 0.206444 
018.36 015.46 0.135687 -1.805397 
018.36 015.4 0.232282 0.117762 
018.36 015.34 0.077221 -4.271490 
018.36 015.24 0.112110 -2.696136 
018.36 015.2 0.187140 -0.599986 
018.36 015.16 0.139167 -1.546155 
018.36 015.1 0.175324 -1.095400 
018.36 012.71 0.157229 -1.490002 
018.36 012.69 0.143554 -1.490563 
018.36 012.66 0.136327 -1.658365 
018.36 012.63 0.157414 -1.417708 
018.36 012.59 0.100630 -2.431612 
018.36 012.56 0.105124 -2.581762 
018.36 012.42 0.140716 -1.419115 
018.36 012.41 0.157005 -1.326067 
018.43 015.5 0.224275 -0.126293 
018.43 015.46 0.151919 -1.284786 
018.43 015.4 0.252802 0.797049 
018.43 015.34 0.165350 -1.090654 
018.43 015.24 0.145318 -1.547384 
018.43 015.2 0.172496 -1.221797 
018.43 015.16 0.145099 -1.406623 
018.43 015.1 0.191467 -0.578073 
018.43 012.71 0.164108 -1.315419 
018.43 012.69 0.155628 -1.123769 
018.43 012.66 0.147468 -1.326115 
018.43 012.63 0.169661 -1.044517 
018.43 012.59 0.096272 -2.672851 
018.43 012.56 0.109241 -2.509406 
018.43 012.42 0.070577 -4.094236 
018.43 012.41 0.126472 -2.535746 
018.49 015.5 0.208344 -0.330920 
018.49 015.46 0.109961 -2.452389 
018.49 015.4 0.208227 -0.467394 
018.49 015.34 0.131647 -1.952841 
018.49 015.24 0.120200 -2.091933 
018.49 015.2 0.164819 -1.121002 
018.49 015.16 0.131075 -1.540678 
018.49 015.1 0.164321 -1.197635 
018.49 012.71 0.148998 -1.489671 
018.49 012.69 0.118707 -2.105021 
018.49 012.66 0.129527 -1.605109 
018.49 012.63 0.131673 -2.065255 
018.49 012.59 0.087569 -2.610035 
018.49 012.56 0.098655 -2.516279 
018.49 012.42 0.113572 -2.118590 
018.49 012.41 0.136476 -1.780780 
018.52 015.5 0.236324 0.520524 
018.52 015.46 0.119945 -2.266818 
018.52 015.4 0.227539 0.063306 
018.52 015.34 0.144241 -1.670697 
018.52 015.24 0.143046 -1.430430 
018.52 015.2 0.168077 -1.184288 
018.52 015.16 0.139745 -1.403714 
018.52 015.1 0.188786 -0.476245 
018.52 012.71 0.146701 -1.758462 
018.52 012.69 0.139801 -1.508367 
018.52 012.66 0.125692 -1.930808 
018.52 012.63 0.137679 -2.026850 
018.52 012.59 0.096050 -2.480060 
018.52 012.56 0.100610 -2.627736 
018.52 012.42 0.107996 -2.508727 
018.52 012.41 0.132519 -2.111018 
018.67 015.5 0.213910 -0.609772 
018.67 015.46 0.156680 -1.208575 
018.67 015.4 0.212056 -0.810522 
018.67 015.34 0.155799 -1.544014 
018.67 015.24 0.147167 -1.578950 
018.67 015.2 0.185903 -0.825692 
018.67 015.16 0.152035 -1.249948 
018.67 015.1 0.189369 -0.755642 
018.67 012.71 0.150356 -1.924202 
018.67 012.69 0.092953 -3.542719 
018.67 012.66 0.082819 -3.818106 
018.67 012.63 0.171142 -1.089718 
018.67 012.59 0.125597 -1.687776 
018.67 012.56 0.146593 -1.227351 
018.67 012.42 0.151453 -1.201779 
018.67 012.41 0.158989 -1.432572 
018.74 015.5 0.244280 0.198946 
018.74 015.46 0.152538 -1.676788 
018.74 015.4 0.263186 0.766306 
018.74 015.34 0.179023 -0.999702 
018.74 015.24 0.162166 -1.338958 
018.74 015.2 0.221871 0.190170 
018.74 015.16 0.173325 -0.777190 
018.74 015.1 0.213122 -0.191744 
018.74 012.71 0.172298 -1.427343 
018.74 012.69 0.129895 -2.490828 
018.74 012.66 0.129952 -2.389143 
018.74 012.63 0.159767 -1.825544 
018.74 012.59 0.123054 -2.096820 
018.74 012.56 0.136917 -1.900333 
018.74 012.42 0.131044 -2.271901 
018.74 012.41 0.166942 -1.453289 
021.25 018.74 0.143069 -4.443220 
021.25 018.67 0.149993 -3.807843 
021.25 018.52 0.124837 -4.182061 
021.25 018.49 0.122977 -3.946294 
021.25 018.43 0.129987 -4.337083 
021.25 018.36 0.112546 -4.741588 
021.25 018.28 0.109034 -5.255106 
021.25 018.18 0.184932 -3.208741 
021.25 015.5 0.209220 -3.287977 
021.25 015.46 0.131991 -4.230452 
021.25 015.4 0.212174 -3.388037 
021.25 015.34 0.122898 -4.875304 
021.25 015.24 0.124960 -4.520162 
021.25 015.2 0.188482 -3.070982 
021.25 015.16 0.142046 -3.658300 
021.25 015.1 0.184501 -3.317858 
021.25 012.71 0.158076 -3.938545 
021.25 012.69 0.131352 -4.252707 
021.25 012.66 0.129910 -4.198993 
021.25 012.63 0.137419 -4.511254 
021.25 012.59 0.096901 -4.578097 
021.25 012.56 0.112697 -4.419512 
021.25 012.42 0.126463 -4.176306 
021.25 012.41 0.153195 -3.900408 
021.26 018.74 0.168913 -4.010410 
021.26 018.67 0.171519 -3.534761 
021.26 018.52 0.136947 -4.257370 
021.26 018.49 0.131166 -4.166686 
021.26 018.43 0.138302 -4.552819 
021.26 018.36 0.129685 -4.630838 
021.26 018.28 0.116200 -5.513328 
021.26 018.18 0.192762 -3.442444 
021.26 015.5 0.233538 -2.911614 
021.26 015.46 0.155361 -3.889138 
021.26 015.4 0.239427 -2.903071 
021.26 015.34 0.145623 -4.557868 
021.26 015.24 0.145881 -4.269508 
021.26 015.2 0.185679 -3.698087 
021.26 015.16 0.158932 -3.556951 
021.26 015.1 0.193969 -3.490934 
021.26 012.71 0.166372 -4.154988 
021.26 012.69 0.152073 -4.009437 
021.26 012.66 0.158210 -3.675297 
021.26 012.63 0.156986 -4.310664 
021.26 012.59 0.109232 -4.645252 
021.26 012.56 0.133128 -4.186944 
021.26 012.42 0.137087 -4.306644 
021.26 012.41 0.180339 -3.419485 
021.35 018.74 0.185540 -4.006883 
021.35 018.67 0.164876 -4.392252 
021.35 018.52 0.166246 -3.784989 
021.35 018.49 0.160536 -3.691688 
021.35 018.43 0.188670 -3.300885 
021.35 018.36 0.056218 -7.960796 
021.35 018.28 0.171597 -4.075342 
021.35 018.18 0.231918 -2.605358 
021.35 015.5 0.266313 -2.310603 
021.35 015.46 0.178353 -3.650122 
021.35 015.4 0.243376 -3.368639 
021.35 015.34 0.102130 -6.778814 
021.35 015.24 0.154825 -4.550242 
021.35 015.2 0.225328 -2.842764 
021.35 015.16 0.189649 -3.032101 
021.35 015.1 0.208965 -3.547773 
021.35 012.71 0.197631 -3.610079 
021.35 012.69 0.166530 -4.086193 
021.35 012.66 0.172799 -3.747166 
021.35 012.63 0.196820 -3.448480 
021.35 012.59 0.153900 -3.604210 
021.35 012.56 0.146337 -4.309887 
021.35 012.42 0.185549 -3.125220 
021.35 012.41 0.187276 -3.774486 
021.48 018.74 0.174714 -3.599009 
021.48 018.67 0.158776 -3.809472 
021.48 018.52 0.091301 -5.749512 
021.48 018.49 0.019390 -8.105653 
021.48 018.43 0.149601 -3.937990 
021.48 018.36 0.143744 -3.913860 
021.48 018.28 0.162472 -3.604512 
021.48 018.18 0.193654 -3.212655 
021.48 015.5 0.225554 -3.010233 
021.48 015.46 0.126663 -4.754195 
021.48 015.4 0.221172 -3.381752 
021.48 015.34 0.146163 -4.341110 
021.48 015.24 0.148397 -3.979623 
021.48 015.2 0.185460 -3.509421 
021.48 015.16 0.162064 -3.244280 
021.48 015.1 0.187178 -3.545430 
021.48 012.71 0.179776 -3.462274 
021.48 012.69 0.148026 -3.962399 
021.48 012.66 0.155999 -3.560315 
021.48 012.63 0.146251 -4.511088 
021.48 012.59 0.112382 -4.331918 
021.48 012.56 0.121422 -4.423286 
021.48 012.42 0.142424 -3.912387 
021.48 012.41 0.167492 -3.698048 
021.51 018.74 0.156416 -4.114481 
021.51 018.67 0.152261 -3.889015 
021.51 018.52 0.068518 -6.430950 
021.51 018.49 0.062589 -6.345715 
021.51 018.43 0.133167 -4.384506 
021.51 018.36 0.136858 -4.007104 
021.51 018.28 0.143840 -4.132366 
021.51 018.18 0.198345 -2.877578 
021.51 015.5 0.217096 -3.161646 
021.51 015.46 0.132622 -4.372185 
021.51 015.4 0.244148 -2.370100 
021.51 015.34 0.154056 -3.887562 
021.51 015.24 0.151041 -3.720241 
021.51 015.2 0.185117 -3.360571 
021.51 015.16 0.148492 -3.584918 
021.51 015.1 0.197103 -3.016690 
021.51 012.71 0.157385 -4.129171 
021.51 012.69 0.138988 -4.135250 
021.51 012.66 0.137786 -4.072660 
021.51 012.63 0.141189 -4.536836 
021.51 012.59 0.104779 -4.451688 
021.51 012.56 0.110165 -4.678267 
021.51 012.42 0.126421 -4.342946 
021.51 012.41 0.144714 -4.379298 
021.58 018.74 0.141738 -4.669866 
021.58 018.67 0.150765 -3.956649 
021.58 018.52 0.116047 -4.684664 
021.58 018.49 0.116357 -4.368593 
021.58 018.43 0.122705 -4.783898 
021.58 018.36 0.122572 -4.548000 
021.58 018.28 0.147887 -3.994889 
021.58 018.18 0.191304 -3.150357 
021.58 015.5 0.221962 -2.993895 
021.58 015.46 0.130349 -4.468578 
021.58 015.4 0.238893 -2.576810 
021.58 015.34 0.142594 -4.323926 
021.58 015.24 0.143958 -3.994631 
021.58 015.2 0.167342 -4.030539 
021.58 015.16 0.142421 -3.821822 
021.58 015.1 0.181289 -3.614075 
021.58 012.71 0.161302 -3.996545 
021.58 012.69 0.134011 -4.331692 
021.58 012.66 0.121756 -4.678084 
021.58 012.63 0.148028 -4.296084 
021.58 012.59 0.070659 -5.726435 
021.58 012.56 0.106463 -4.827544 
021.58 012.42 0.116975 -4.704736 
021.58 012.41 0.150662 -4.171500 
021.6 018.74 0.244359 -2.413100 
021.6 018.67 0.223565 -2.803272 
021.6 018.52 0.206647 -2.872692 
021.6 018.49 0.185279 -3.358717 
021.6 018.43 0.195225 -3.640883 
021.6 018.36 0.194635 -3.421905 
021.6 018.28 0.219363 -2.890522 
021.6 018.18 0.150389 -6.204443 
021.6 015.5 0.151058 -7.157569 
021.6 015.46 0.212502 -2.969134 
021.6 015.4 0.162288 -6.951422 
021.6 015.34 0.238108 -2.330148 
021.6 015.24 0.211770 -3.025805 
021.6 015.2 0.183680 -4.966272 
021.6 015.16 0.127804 -5.902898 
021.6 015.1 0.199196 -4.491768 
021.6 012.71 0.222759 -3.262887 
021.6 012.69 0.226121 -2.463876 
021.6 012.66 0.212232 -2.870675 
021.6 012.63 0.223040 -3.060881 
021.6 012.59 0.180190 -3.214003 
021.6 012.56 0.188164 -3.344820 
021.6 012.42 0.193616 -3.409280 
021.6 012.41 0.218085 -3.217091 
021.8 018.74 0.190611 -3.674123 
021.8 018.67 0.169357 -4.081303 
021.8 018.52 0.174991 -3.316277 
021.8 018.49 0.166479 -3.326637 
021.8 018.43 0.172444 -3.756079 
021.8 018.36 0.172992 -3.495010 
021.8 018.28 0.195410 -3.049102 
021.8 018.18 0.147158 -5.596313 
021.8 015.5 0.129714 -7.219620 
021.8 015.46 0.190307 -3.062668 
021.8 015.4 0.170177 -5.931869 
021.8 015.34 0.212156 -2.562697 
021.8 015.24 0.188516 -3.158509 
021.8 015.2 0.169401 -4.766896 
021.8 015.16 0.117132 -5.570055 
021.8 015.1 0.179670 -4.486541 
021.8 012.71 0.206433 -3.139233 
021.8 012.69 0.183432 -3.315684 
021.8 012.66 0.184346 -3.174803 
021.8 012.63 0.173834 -4.153799 
021.8 012.59 0.150306 -3.592040 
021.8 012.56 0.169392 -3.311697 
021.8 012.42 0.171135 -3.513371 
021.8 012.41 0.201455 -3.104724 
024.13 021.8 0.141359 -8.356112 
024.13 021.6 0.159787 -8.575005 
024.13 021.58 0.180730 -6.155812 
024.13 021.51 0.194172 -5.587331 
024.13 021.48 0.196308 -5.704114 
024.13 021.35 0.235145 -5.425392 
024.13 021.26 0.187415 -6.293242 
024.13 021.25 0.177422 -6.009067 
024.13 018.74 0.201376 -6.139156 
024.13 018.67 0.177238 -6.650921 
024.13 018.52 0.178987 -5.869543 
024.13 018.49 0.169829 -5.808971 
024.13 018.43 0.182759 -6.146584 
024.13 018.36 0.200695 -5.295009 
024.13 018.28 0.185625 -6.193259 
024.13 018.18 0.111913 -9.669942 
024.13 015.5 0.177317 -8.521915 
024.13 015.46 0.187365 -5.987788 
024.13 015.4 0.184712 -8.580267 
024.13 015.34 0.214021 -5.433021 
024.13 015.24 0.176754 -6.381771 
024.13 015.2 0.177394 -7.405000 
024.13 015.16 0.063490 -10.050332 
024.13 015.1 0.199884 -6.739549 
024.13 012.71 0.214509 -5.830851 
024.13 012.69 0.191989 -5.817751 
024.13 012.66 0.174512 -6.288728 
024.13 012.63 0.181787 -6.734192 
024.13 012.59 0.156227 -5.952702 
024.13 012.56 0.176217 -5.750362 
024.13 012.42 0.160520 -6.631328 
024.13 012.41 0.204086 -5.951988 
024.14 021.8 0.127044 -8.164016 
024.14 021.6 0.130082 -8.952313 
024.14 021.58 0.154963 -6.387452 
024.14 021.51 0.172915 -5.652088 
024.14 021.48 0.183177 -5.468220 
024.14 021.35 0.216962 -5.376390 
024.14 021.26 0.165163 -6.394829 
024.14 021.25 0.144929 -6.489535 
024.14 018.74 0.182409 -6.119152 
024.14 018.67 0.167328 -6.295808 
024.14 018.52 0.161763 -5.785047 
024.14 018.49 0.154392 -5.658344 
024.14 018.43 0.159513 -6.284931 
024.14 018.36 0.171051 -5.670048 
024.14 018.28 0.164717 -6.245106 
024.14 018.18 0.106043 -9.165352 
024.14 015.5 0.157206 -8.544261 
024.14 015.46 0.173882 -5.764909 
024.14 015.4 0.175689 -8.192351 
024.14 015.34 0.185535 -5.765229 
024.14 015.24 0.167840 -5.989819 
024.14 015.2 0.156208 -7.467088 
024.14 015.16 0.049281 -9.854306 
024.14 015.1 0.172575 -7.028213 
024.14 012.71 0.185192 -6.193810 
024.14 012.69 0.171062 -5.870267 
024.14 012.66 0.152376 -6.385985 
024.14 012.63 0.172773 -6.345940 
024.14 012.59 0.136278 -5.969062 
024.14 012.56 0.157456 -5.722773 
024.14 012.42 0.137143 -6.774497 
024.14 012.41 0.178688 -6.169946 
024.21 021.8 0.139550 -9.010793 
024.21 021.6 0.177425 -8.510137 
024.21 021.58 0.204329 -5.870426 
024.21 021.51 0.189945 -6.331490 
024.21 021.48 0.194021 -6.376497 
024.21 021.35 0.259039 -5.129060 
024.21 021.26 0.219020 -5.711608 
024.21 021.25 0.201400 -5.709637 
024.21 018.74 0.226714 -5.789395 
024.21 018.67 0.191796 -6.700012 
024.21 018.52 0.163667 -7.024133 
024.21 018.49 0.176737 -6.141107 
024.21 018.43 0.196073 -6.241725 
024.21 018.36 0.211609 -5.478933 
024.21 018.28 0.200713 -6.222751 
024.21 018.18 0.164136 -8.325444 
024.21 015.5 0.160682 -9.725156 
024.21 015.46 0.195198 -6.285717 
024.21 015.4 0.202157 -8.522568 
024.21 015.34 0.228790 -5.474330 
024.21 015.24 0.202169 -6.029180 
024.21 015.2 0.168108 -8.336317 
024.21 015.16 0.134214 -8.021315 
024.21 015.1 0.186754 -7.813104 
024.21 012.71 0.225676 -6.005409 
024.21 012.69 0.197046 -6.218392 
024.21 012.66 0.191823 -6.235969 
024.21 012.63 0.203117 -6.532748 
024.21 012.59 0.164490 -6.234731 
024.21 012.56 0.178366 -6.258598 
024.21 012.42 0.191062 -6.089006 
024.21 012.41 0.201899 -6.620647 
024.29 021.8 0.204581 -5.803091 
024.29 021.6 0.208375 -6.563416 
024.29 021.58 0.157954 -6.784733 
024.29 021.51 0.140759 -7.349787 
024.29 021.48 0.171807 -6.396848 
024.29 021.35 0.177348 -7.350053 
024.29 021.26 0.137648 -7.920804 
024.29 021.25 0.137686 -7.265484 
024.29 018.74 0.181162 -6.673265 
024.29 018.67 0.188359 -6.025624 
024.29 018.52 0.148345 -6.789464 
024.29 018.49 0.144659 -6.526435 
024.29 018.43 0.153568 -7.012838 
024.29 018.36 0.139830 -7.333182 
024.29 018.28 0.135610 -7.830008 
024.29 018.18 0.192639 -6.469260 
024.29 015.5 0.244716 -5.814342 
024.29 015.46 0.155750 -6.943719 
024.29 015.4 0.235881 -6.473215 
024.29 015.34 0.150363 -7.574541 
024.29 015.24 0.142038 -7.452468 
024.29 015.2 0.199046 -6.390055 
024.29 015.16 0.161796 -6.199211 
024.29 015.1 0.213642 -6.016662 
024.29 012.71 0.180617 -6.871051 
024.29 012.69 0.162525 -6.694083 
024.29 012.66 0.158810 -6.655893 
024.29 012.63 0.178168 -6.654288 
024.29 012.59 0.121158 -7.036455 
024.29 012.56 0.135259 -7.051987 
024.29 012.42 0.147308 -6.906325 
024.29 012.41 0.169669 -7.011587 
024.30 021.8 0.207220 -5.917748 
024.30 021.6 0.228764 -6.021343 
024.30 021.58 0.152693 -7.191669 
024.30 021.51 0.149364 -7.243695 
024.30 021.48 0.171954 -6.603726 
024.30 021.35 0.190371 -7.080514 
024.30 021.26 0.154536 -7.508256 
024.30 021.25 0.123717 -7.994633 
024.30 018.74 0.191174 -6.515122 
024.30 018.67 0.183987 -6.399679 
024.30 018.52 0.148978 -6.978345 
024.30 018.49 0.150639 -6.517457 
024.30 018.43 0.158140 -7.055987 
024.30 018.36 0.151389 -7.117809 
024.30 018.28 0.121986 -8.546385 
024.30 018.18 0.206859 -6.155395 
024.30 015.5 0.254419 -5.667609 
024.30 015.46 0.156521 -7.127502 
024.30 015.4 0.286752 -4.803300 
024.30 015.34 0.165807 -7.215438 
024.30 015.24 0.152687 -7.270727 
024.30 015.2 0.207069 -6.305504 
024.30 015.16 0.176889 -5.853053 
024.30 015.1 0.197367 -6.831143 
024.30 012.71 0.175011 -7.290743 
024.30 012.69 0.159156 -7.031044 
024.30 012.66 0.155009 -7.008809 
024.30 012.63 0.168416 -7.227408 
024.30 012.59 0.127203 -7.025083 
024.30 012.56 0.143260 -6.968264 
024.30 012.42 0.157693 -6.734407 
024.30 012.41 0.179099 -6.874975 
024.47 021.8 0.191147 -5.702271 
024.47 021.6 0.202901 -6.168091 
024.47 021.58 0.142889 -6.744220 
024.47 021.51 0.090430 -8.614075 
024.47 021.48 0.051432 -10.252823 
024.47 021.35 0.178960 -6.692529 
024.47 021.26 0.143430 -7.109003 
024.47 021.25 0.150692 -6.186356 
024.47 018.74 0.170632 -6.464970 
024.47 018.67 0.159087 -6.510803 
024.47 018.52 0.093738 -8.212034 
024.47 018.49 0.031474 -10.116381 
024.47 018.43 0.130408 -7.271875 
024.47 018.36 0.152102 -6.281214 
024.47 018.28 0.153875 -6.556315 
024.47 018.18 0.191756 -5.904025 
024.47 015.5 0.234718 -5.586366 
024.47 015.46 0.125459 -7.466585 
024.47 015.4 0.227150 -6.198364 
024.47 015.34 0.156179 -6.761470 
024.47 015.24 0.143367 -6.805395 
024.47 015.2 0.185896 -6.278725 
024.47 015.16 0.155579 -5.831330 
024.47 015.1 0.186022 -6.440711 
024.47 012.71 0.172095 -6.588455 
024.47 012.69 0.148308 -6.622243 
024.47 012.66 0.147268 -6.485064 
024.47 012.63 0.158264 -6.792819 
024.47 012.59 0.113122 -6.735883 
024.47 012.56 0.120871 -6.986460 
024.47 012.42 0.129775 -6.957165 
024.47 012.41 0.161466 -6.717212 
024.7 021.8 0.083637 -11.036076 
024.7 021.6 0.128961 -10.259772 
024.7 021.58 0.220976 -5.210942 
024.7 021.51 0.205928 -5.696575 
024.7 021.48 0.195837 -6.265801 
024.7 021.35 0.226245 -6.298911 
024.7 021.26 0.219848 -5.637451 
024.7 021.25 0.191152 -6.045281 
024.7 018.74 0.220659 -5.969915 
024.7 018.67 0.187064 -6.831579 
024.7 018.52 0.203900 -5.491963 
024.7 018.49 0.181624 -5.916779 
024.7 018.43 0.202745 -5.951365 
024.7 018.36 0.198764 -5.910657 
024.7 018.28 0.211339 -5.786069 
024.7 018.18 0.144545 -9.006780 
024.7 015.5 0.141492 -10.391668 
024.7 015.46 0.216711 -5.446228 
024.7 015.4 0.159045 -10.074183 
024.7 015.34 0.212047 -6.050277 
024.7 015.24 0.196098 -6.210287 
024.7 015.2 0.185277 -7.657535 
024.7 015.16 0.137989 -7.838095 
024.7 015.1 0.183777 -7.879729 
024.7 012.71 0.220003 -6.171810 
024.7 012.69 0.207292 -5.795767 
024.7 012.66 0.189035 -6.295609 
024.7 012.63 0.192384 -6.886308 
024.7 012.59 0.186720 -5.368704 
024.7 012.56 0.192133 -5.705710 
024.7 012.42 0.212895 -5.237670 
024.7 012.41 0.231366 -5.486866 
024.73 021.8 0.182112 -6.106509 
024.73 021.6 0.213391 -5.849911 
024.73 021.58 0.131097 -7.250504 
024.73 021.51 0.143271 -6.728922 
024.73 021.48 0.156544 -6.433662 
024.73 021.35 0.186769 -6.473553 
024.73 021.26 0.157333 -6.664577 
024.73 021.25 0.126864 -7.137991 
024.73 018.74 0.026010 -11.885965 
024.73 018.67 0.143152 -7.170383 
024.73 018.52 0.138514 -6.625297 
024.73 018.49 0.133699 -6.404056 
024.73 018.43 0.125747 -7.514305 
024.73 018.36 0.136351 -6.934010 
024.73 018.28 0.145044 -6.953050 
024.73 018.18 0.188441 -6.096657 
024.73 015.5 0.229837 -5.836940 
024.73 015.46 0.142151 -6.918972 
024.73 015.4 0.251626 -5.362746 
024.73 015.34 0.163392 -6.564554 
024.73 015.24 0.143894 -6.855883 
024.73 015.2 0.191617 -6.137019 
024.73 015.16 0.153065 -5.994316 
024.73 015.1 0.197686 -6.079140 
024.73 012.71 0.154098 -7.324341 
024.73 012.69 0.118085 -7.810455 
024.73 012.66 0.118036 -7.636594 
024.73 012.63 0.156517 -6.927465 
024.73 012.59 0.111326 -6.872301 
024.73 012.56 0.124410 -6.925494 
024.73 012.42 0.125571 -7.182688 
024.73 012.41 0.155137 -7.021369 
